type = "parallel3d"
ProjectionAngles = [
    0.0, 0.10471975511965978, 0.20943951023931956, 0.3141592653589793, 0.4188790204786391, 0.5235987755982988, 0.6283185307179586, 0.7330382858376184, 0.8377580409572782, 0.9424777960769379, 1.0471975511965976, 1.1519173063162575, 1.2566370614359172, 1.361356816555577, 1.4660765716752369, 1.5707963267948966, 1.6755160819145565, 1.7802358370342162, 1.8849555921538759, 1.9896753472735358, 2.0943951023931953, 2.199114857512855, 2.303834612632515, 2.4085543677521746, 2.5132741228718345, 2.6179938779914944, 2.722713633111154, 2.827433388230814, 2.9321531433504737, 3.036872898470133]
DetectorRowCount = 192
DetectorColCount = 192
DetectorSpacingX = 0.01041666666666667
DetectorSpacingY = 0.01041666666666667
DistanceOriginSource = 5
DistanceOriginDetector = 5
